year gold nyse cpi
1974 159,2600 463,5400 49,30000
1975 161,0200 483,5500 53,80000
1976 124,8400 575,8500 56,90000
1977 157,7100 567,6600 60,60000
1978 193,2200 567,8100 65,20000
1979 306,6800 616,6800 72,60000
1980 612,5600 720,1500 82,40000
1981 460,0300 782,6200 90,90000
1982 375,6700 728,8400 96,50000
1983 424,3500 979,5200 99,60000
1984 360,4800 977,3300 103,9000
1985 317,2600 1142,970 107,6000
1986 367,6600 1438,020 109,6000
1987 446,4600 1709,790 113,6000
1988 436,9400 1585,140 118,3000
1989 381,4400 1903,360 124,0000
1990 383,5100 1939,470 130,7000
1991 362,1100 2181,720 136,2000
1992 343,8200 2421,510 140,3000
1993 359,7700 2638,960 144,5000
1994 384,0000 2687,020 148,2000
1995 384,1700 3078,560 152,4000
1996 387,7700 3787,200 156,9000
1997 331,0200 4827,350 160,5000
1998 294,2400 5818,260 163,0000
1999 278,8800 6546,810 166,6000
2000 279,1100 6805,890 172,2000
2001 274,0400 6397,850 177,1000
2002 309,7300 5578,890 179,9000
2003 363,3800 5447,460 184,0000
2004 409,7200 6612,620 188,9000
2005 444,7400 7349,000 195,3000
2006 603,4600 8357,990 201,6000